0000000000000000000000000101101100001011100101010000001000000001
0000000000000000000000000000000000000000000000000000010000000101
0000000000000000000000000000000000000000000000000000011000001110
0000000000000000000000000000000000000000000000000000110001001001
0000000000000000000000000000000000000000000000000000111001011011
0000000000000000000000000101101100001011100101100000000100000000
0000000000000000000000000101110010001010000000000000011000001110
0000000000000000000000000101000000001010000000000000011000001110
0000000000000000000000000000000000000000000000000000000000000000
0000000000000000000000000101000000001011100000100000000100000000
0000000000000000000000000101110010001010000000000000011000001110
0000000000000000000000000101101100001011100000100000000100000000
0000000000000000000000000101010010001011100101100000000100000000
0000000000000000000000000101110010001010000000000000011000001110
0000000000000000000000000101101100001011100101100000001000010110
0000000000000000000000000000000000000000000000000000000000000000
0000000000000000000000000101110100001100000000000000001000010110
0000000000000000000000000000000000000000000000000000000000000000
0000000000000000000000000101110100001011100000100000001000010110
0000000000000000000000000000000000000000000000000000000000000000
0000000000000000000000000101101100001011100000100000000100000000
0000000000000000000000000100110100001011100101100000001000010110
0000000000000000000000000000000000000000000000000000100000011000
0000000000000000000000000000000000000000000000000000101000100111
0000000000000000000000000010010110001100000000000110000100100110
0000000000000000000000000101110010001001000000000000000001000111
0000000000000000000000000100101000001100000001000110000100100110
0000000000000000000000000101110010001001000000000000000001000111
0000000000000000000000000100101010001100000010000110000100100110
0000000000000000000000000101110010001001000000000000000001000111
0000000000000000000000000100101010001100000010000000000001000111
0000000000000000000000000000000000000000000000000000000000000000
0000000000000000000000000100101000010100000001000110000100100110
0000000000000000000000000101110010001001000000000000000001000111
0000000000000000000000000100101000011100000001000110000100100110
0000000000000000000000000101110010001001000000000000000001000111
0000000000000000000000000100101000100100000001000110000100100110
0000000000000000000000000101110010001001000000000000000001000111
0000000000000000000000000000000000000000000000110000000001000111
0000000000000000000000000101110110001100000000000110000100100110
0000000000000000000000000101110010001001000000000000000001000111
0000000000000000000000000101110011100100000001000110000100100110
0000000000000000000000000101110010001001000000000000000001000111
0000000000000000000000000110110010001100000001000110000100100110
0000000000000000000000000101110010001001000000000000000001000111
0000000000000000000000000110010010001100000001000110000100100110
0000000000000000000000000101110010001001000000000000000001000111
0000000000000000000000000101110010101100000001000110000100100110
0000000000000000000000000101110010001001000000000000000001000111
0000000000000000000000000101110010110100000001000110000100100110
0000000000000000000000000101110010001001000000000000000001000111
0000000000000000000000000101110010111100000001000110000100100110
0000000000000000000000000101110010001001000000000000000001000111
0000000000000000000000000101110011000100000001000110000100100110
0000000000000000000000000101110010001001000000000000000001000111
0000000000000000000000000101110011001100000001000110000100100110
0000000000000000000000000101110010001001000000000000000001000111
0000000000000000000000000101110011010100000001000110000100100110
0000000000000000000000000101110010001001000000000000000001000111
0000000000000000000000000101110011011100000001000110000100100110
0000000000000000000000000101110010001001000000000000000001000111
0000000000000000000000000101110010001010100000000000000001000111
0000000000000000000000000000000000000000000000000000000000000000
0000000000000000000000000101110010001010000000000000000100000000
0000000000000000000000000101101100001100000100000000000001000101
0000000000000000000000000101110100001100000100000000000100000000
0000000000000000000000000101100110001011100000110000000001000111
0000000000000000000000000101100110001011100000100000000100000000
0000000000000000000000000101110010001001000011000000000001000111
0000000000000000000000000101100110001011100000110000000100000000
0000000000000000000000000101101000001010100000000000000001000111
0000000000000000000000000000000000000000000000000001000010000001
0000000000000000000000000000000000000000000000000000000000000000
0000000000000000000000000000101100001010100000000000000001000111
0000000000000000000000000000000000000000000000000000000000000000
0000000000000000000000000000000000000000000000000011000101001001
0000000000000000000000000000000000000000000000000000000001101111
0000000000000000000000000000000000000000000000000011000001001001
0000000000000000000000000000000000000000000000000000000001101111
0000000000000000000000000000000000000000000000000110000101001001
0000000000000000000000000000000000000000000000000000000001101111
0000000000000000000000000000000000000000000000000100000001001001
0000000000000000000000000000000000000000000000000000000001101111
0000000000000000000000000000000000000000000000000010000001001001
0000000000000000000000000000000000000000000000000000000001101111
0000000000000000000000000000000000000000000000000010000101001001
0000000000000000000000000000000000000000000000000000000001101111
0000000000000000000000000000000000000000000000000101000001001001
0000000000000000000000000000000000000000000000000000000001101111
0000000000000000000000000000000000000000000000000101000101001001
0000000000000000000000000000000000000000000000000000000001101111
0000000000000000000000000000000000000000000111000000000001000111
0000000000000000000000000000000000000000000000000000000000000000
0000000000000000000000000000000000000000001001000000000001000111
0000000000000000000000000000000000000000000000000000000000000000
0000000000000000000000000000000000000000001011000000000001000111
0000000000000000000000000000000000000000000000000000000000000000
0000000000000000000000000000000000000000001101000000000001000111
0000000000000000000000000000000000000000000000000000000000000000
0000000000000000000000000000000000000000001111000000000001000111
0000000000000000000000000000000000000000000000000000000000000000
0000000000000000000000000000000000000000001000000000000001000111
0000000000000000000000000000000000000000000000000000000000000000
0000000000000000000000000000000000000000001010000000000001000111
0000000000000000000000000000000000000000000000000000000000000000
0000000000000000000000000000000000000000001100000000000001000111
0000000000000000000000000000000000000000000000000000000000000000
0000000000000000000000000000000000000000001110000000000001000111
0000000000000000000000000000000000000000000000000000000000000000
0000000000000000000000000000000000000000010000000000000001000111
0000000000000000000000000000000000000000000000000000000000000000
0000000000000000000000000000000000000000000000000000000001000111
0000000000000000000000000000000000000000000000000000000000000000
0000000000000000000000000101100110001011100000100000000100000000
0000000000000000000000000101110010001010100011000000000001000111
0000000000000000000000000101100110001011110010100000000100000000
0000000000000000000000000101110010001010100011000000000010001000
0000000000000000000000000000000000000000000110000000000001000111
0000000000000000000000000000000000000000000000000000000000000000
0000000000000000000000000000000000000000000000000001000010000001
0000000000000000000000000000000000000000000000000000000001110101
0000000000000000000000000101101100001100000100000000000100000000
0000000000000000000000000101100110001011100000110000000001000111
0000000000000000000000000101100110001011100000100000000100000000
0000000000000000000000000101110010001010100011000000000001000111
0000000000000000000000000101100100001100000100000000000100000000
0000000000000000000000000101100110001011100000110000000001000111
0000000000000000000000000101100110001011100000100000000100000000
0000000000000000000000000101110010001000100011000000000001000111
0000000000000000000000000101100100001100000100000000000100000000
0000000000000000000000000101100110001011100000110000000100000000
0000000000000000000000000101101100001100000100000000000100000000
0000000000000000000000000101100110001011100000110000000100000000
0000000000000000000000000101101110001011100000000000000100000000
0000000000000000000000000000000000000000000000100000000100000000
0000000000000000000000000100110110001010110001000000000000000000
0000000000000000000000000101100110001011100000100000000100000000
0000000000000000000000000101110010001000100011000000000001000111
